30
0.0 0.8
0.03448275 0.74482758
0.06896551 0.69464899
0.10344827 0.6491184
0.13793103 0.60791243
0.17241379 0.57072861
0.20689655 0.53728391
0.24137931 0.50731342
0.27586206 0.48056912
0.31034482 0.45681872
0.34482758 0.43584456
0.37931034 0.41744268
0.4137931 0.4014218
0.44827586 0.38760254
0.48275862 0.37581659
0.51724137 0.36590594
0.55172413 0.35772223
0.58620689 0.35112608
0.62068965 0.34598653
0.65517241 0.34218044
0.68965517 0.33959199
0.72413793 0.33811224
0.75862068 0.33763863
0.79310344 0.33807463
0.8275862 0.33932928
0.86206896 0.34131692
0.89655172 0.34395682
0.93103448 0.34717286
0.96551724 0.35089328
0.99999999 0.35505041
